1.492812000000000250e+00
3.303365145390379620e+00
2.111154976473305744e+00
2.585626230148511340e+00
3.267373564002133079e+00
3.625011579446885346e+00
3.338029109627416169e+00
4.478435999999999417e+00
3.338029109627415725e+00
5.125928567405908964e+00
2.111154976473305300e+00
2.111154976473305744e+00
3.656627681903641847e+00
4.166676494374383921e+00
2.585626230148511340e+00
2.111154976473304856e+00
3.338029109627416613e+00
4.426023121959034690e+00
3.656627681903641847e+00
4.222309952946609712e+00
2.985623999999999612e+00
5.171252460297021791e+00
2.585626230148511340e+00
1.492812000000000694e+00
2.585626230148511340e+00
3.620359557063911993e+00
3.592244100013807007e+00
3.656627681903641403e+00
1.492812000000000250e+00
3.625011579446885790e+00
4.424120683595329950e+00
5.125928567405909853e+00
3.338029109627415281e+00
2.540717605144657831e+00
4.426023121959034690e+00
3.656627681903641403e+00
3.338029109627416613e+00
3.267373564002133079e+00
3.298259488742510293e+00
3.338029109627416613e+00
2.585626230148510007e+00
3.656627681903642735e+00
5.122639754018234903e+00
4.222309952946610601e+00
3.656627681903642735e+00
5.171252460297022679e+00
3.338029109627416613e+00
3.267373564002133524e+00
2.111154976473304856e+00
3.332976553775919726e+00
3.338029109627416613e+00
4.478436000000001194e+00
3.338029109627416613e+00
3.338029109627416613e+00
3.338029109627416613e+00
3.338029109627415281e+00
3.592244100013806118e+00
4.478436000000000305e+00
4.222309952946610601e+00
4.222309952946609712e+00
4.426023121959034690e+00
4.222309952946610601e+00
3.656627681903642291e+00
2.540717605144657387e+00
3.589899834394270073e+00
5.125928567405909853e+00
3.338029109627416169e+00
3.625011579446886234e+00
5.125928567405909853e+00
4.478436000000000305e+00
3.332976553775919726e+00
2.585626230148511340e+00
3.592244100013806563e+00
2.985623999999999612e+00
3.656627681903641403e+00
4.222309952946609712e+00
3.338029109627416169e+00
3.654324718872695943e+00
4.474671315012535011e+00
4.222309952946608824e+00
4.474671315012535011e+00
4.222309952946609712e+00
2.585626230148510452e+00
1.492811999999998918e+00
2.585626230148510007e+00
3.592244100013805230e+00
4.478435999999999417e+00
2.585626230148510896e+00
2.111154976473304856e+00
2.985624000000000056e+00
2.111154976473304412e+00
